Num,WriteT,WriteV,ReadT,ReadV,
2,3,682666,292,7013,
4,4,512000,1693,1209,
6,2,1024000,513,3992,
8,2,1024000,615,3330,
10,5,409600,779,2629,
12,3,682666,786,2605,
14,3,682666,1087,1884,
16,3,682666,1136,1802,
18,3,682666,1125,1820,
20,3,682666,1274,1607,
22,3,682666,789,2595,
24,4,512000,856,2392,
26,3,682666,1059,1933,
28,3,682666,1454,1408,
30,4,512000,1797,1139,
32,3,682666,1123,1823,
34,3,682666,1146,1787,
36,3,682666,1164,1759,
38,4,512000,1226,1670,
40,4,512000,2364,866,
42,4,512000,2681,763,
44,6,341333,2650,772,
46,5,409600,2614,783,
48,4,512000,2714,754,
50,4,512000,2924,700,
52,4,512000,2634,777,
54,3,682666,1702,1203,
56,3,682666,1721,1190,
58,5,409600,2118,966,
60,5,409600,3282,624,
62,7,292571,2880,711,
64,4,512000,2404,851,
66,4,512000,2443,838,
68,4,512000,2054,997,
70,6,341333,3636,563,
72,4,512000,3820,536,
74,6,341333,4728,433,
76,4,512000,3295,621,
78,4,512000,4078,502,
80,5,409600,3712,551,
82,5,409600,2757,742,
84,5,409600,2608,785,
86,4,512000,2558,800,
88,5,409600,2614,783,
90,6,341333,4427,462,
92,6,341333,4666,438,
94,5,409600,3881,527,
96,5,409600,3021,677,
98,5,409600,3683,556,
100,6,341333,5083,402,
102,7,292571,5221,392,
104,5,409600,4323,473,
106,4,512000,4166,491,
108,5,409600,4167,491,
110,7,292571,6520,314,
112,7,292571,6007,340,
114,5,409600,4875,420,
116,6,341333,3839,533,
118,5,409600,4574,447,
120,7,292571,9150,223,
122,6,341333,5149,397,
124,5,409600,4856,421,
126,5,409600,4438,461,
128,7,292571,6698,305,
130,6,341333,4628,442,
132,6,341333,4590,446,
134,6,341333,4474,457,
136,123,16650,4422,463,
138,8,256000,7036,291,
140,7,292571,4846,422,
142,6,341333,4740,432,
144,5,409600,4684,437,
146,6,341333,4757,430,
148,8,256000,19492,105,
150,9,227555,21692,94,
152,6,341333,6163,332,
154,6,341333,6123,334,
156,6,341333,5310,385,
158,9,227555,9451,216,
160,6,341333,5554,368,
162,6,341333,5934,345,
164,7,292571,5294,386,
166,6,341333,5535,370,
168,9,227555,8478,241,
170,9,227555,8597,238,
172,8,256000,9543,214,
174,8,256000,8710,235,
176,6,341333,6882,297,
178,8,256000,10403,196,
180,6,341333,6297,325,
182,7,292571,7400,276,
184,7,292571,9381,218,
186,6,341333,6432,318,
188,10,204800,12832,159,
190,7,292571,6292,325,
192,6,341333,7310,280,
194,7,292571,6369,321,
196,7,292571,7872,260,
198,10,204800,9899,206,
200,7,292571,8755,233,
202,8,256000,7930,258,
204,8,256000,7994,256,
206,7,292571,7912,258,
208,11,186181,14370,142,
210,8,256000,15290,133,
212,7,292571,11770,174,
214,8,256000,15760,129,
216,11,186181,13600,150,
218,10,204800,25311,80,
220,11,186181,-879251,-2,
222,9,227555,7860,260,
224,8,256000,13404,152,
226,11,186181,18737,109,
228,8,256000,9471,216,
230,8,256000,15354,133,
232,9,227555,8942,229,
234,8,256000,16058,127,
236,11,186181,24432,83,
238,8,256000,13001,157,
240,8,256000,9511,215,
242,7,292571,9754,209,
244,7,292571,8472,241,
246,12,170666,18801,108,
248,9,227555,9842,208,
250,9,227555,8598,238,
252,8,256000,16160,126,
254,8,256000,9965,205,
256,11,186181,18942,108,
258,12,170666,17180,119,
260,12,170666,24847,82,
262,8,256000,19196,106,
264,8,256000,13232,154,
266,12,170666,13966,146,
268,8,256000,11029,185,
270,8,256000,11832,173,
272,8,256000,11231,182,
274,9,227555,10989,186,
276,12,170666,27972,73,
278,7,292571,15132,135,
280,9,227555,11257,181,
282,9,227555,9405,217,
284,9,227555,11336,180,
286,12,170666,31495,65,
288,9,227555,12373,165,
290,9,227555,12366,165,
292,9,227555,16900,121,
294,13,157538,14428,141,
296,12,170666,16527,123,
298,10,204800,12781,160,
300,8,256000,14658,139,
302,9,227555,15204,134,
304,13,157538,18214,112,
306,13,157538,17075,119,
308,10,204800,14079,145,
310,10,204800,14502,141,
312,9,227555,10078,203,
314,15,136533,18814,108,
316,10,204800,12807,159,
318,10,204800,14763,138,
320,10,204800,18174,112,
322,10,204800,11314,181,
324,14,146285,24484,83,
326,14,146285,17208,119,
328,10,204800,11837,173,
330,10,204800,13742,149,
332,9,227555,21288,96,
334,15,136533,18007,113,
336,10,204800,11973,171,
338,9,227555,14501,141,
340,11,186181,19424,105,
342,11,186181,24028,85,
344,20,102400,28238,72,
346,10,204800,16123,127,
348,11,186181,18266,112,
350,11,186181,14266,143,
352,10,204800,14619,140,
354,15,136533,43785,46,
356,14,146285,36315,56,
358,11,186181,17865,114,
360,11,186181,14744,138,
362,16,128000,21811,93,
364,16,128000,-860337,-2,
366,11,186181,13159,155,
368,11,186181,48701,42,
370,11,186181,14510,141,
372,17,120470,18059,113,
374,10,204800,18334,111,
376,11,186181,12234,167,
378,10,204800,17982,113,
380,11,186181,15773,129,
382,22,93090,21455,95,
384,10,204800,15382,133,
386,11,186181,15903,128,
388,12,170666,15223,134,
390,12,170666,13615,150,
392,15,136533,38961,52,
394,12,170666,25224,81,
396,12,170666,29344,69,
398,11,186181,38711,52,
400,12,170666,16351,125,
402,19,107789,24401,83,
404,11,186181,15931,128,
406,11,186181,17200,119,
408,12,170666,13096,156,
410,17,120470,13099,156,
412,17,120470,23693,86,
414,11,186181,14615,140,
416,12,170666,19188,106,
418,14,146285,17856,114,
420,12,170666,19624,104,
422,17,120470,21627,94,
424,12,170666,22121,92,
426,12,170666,17450,117,
428,12,170666,19089,107,
430,18,113777,36600,55,
432,12,170666,20967,97,
434,12,170666,20757,98,
436,11,186181,18474,110,
438,11,186181,34058,60,
440,20,102400,38874,52,
442,14,146285,32338,63,
444,13,157538,18216,112,
446,12,170666,17690,115,
448,12,170666,19324,105,
450,19,107789,43683,46,
452,12,170666,37057,55,
454,13,157538,22886,89,
456,13,157538,24028,85,
458,13,157538,16771,122,
460,19,107789,37110,55,
462,18,113777,27742,73,
464,12,170666,16563,123,
466,13,157538,16171,126,
468,14,146285,16318,125,
470,20,102400,24084,85,
472,12,170666,19769,103,
474,14,146285,38391,53,
476,13,157538,29530,69,
478,20,102400,36868,55,
480,14,146285,32455,63,
482,14,146285,21853,93,
484,13,157538,26403,77,
486,15,136533,28062,72,
488,20,102400,37308,54,
490,14,146285,37700,54,
492,13,157538,25753,79,
494,13,157538,17954,114,
496,14,146285,17218,118,
498,20,102400,27701,73,
500,13,157538,17662,115,
502,14,146285,17275,118,
504,14,146285,22239,92,
506,14,146285,38486,53,
508,21,97523,37662,54,
510,20,102400,37584,54,
512,14,146285,26685,76,
514,14,146285,20357,100,
516,15,136533,24362,84,
518,21,97523,30967,66,
520,13,157538,21052,97,
522,15,136533,35775,57,
524,15,136533,43997,46,
526,15,136533,22509,90,
528,20,102400,25924,79,
530,14,146285,34237,59,
532,14,146285,19724,103,
534,14,146285,18598,110,
536,20,102400,27872,73,
538,14,146285,34053,60,
540,15,136533,20515,99,
542,14,146285,19544,104,
544,14,146285,30960,66,
546,21,97523,41611,49,
548,15,136533,21808,93,
550,15,136533,28209,72,
552,15,136533,31029,66,
554,15,136533,29215,70,
556,22,93090,26827,76,
558,22,93090,49687,41,
560,15,136533,28619,71,
562,15,136533,28262,72,
564,15,136533,28017,73,
566,23,89043,34386,59,
568,15,136533,38581,53,
570,15,136533,39767,51,
572,16,128000,41831,48,
574,16,128000,46742,43,
576,22,93090,43393,47,
578,22,93090,-855849,-2,
580,16,128000,31843,64,
582,15,136533,20008,102,
584,22,93090,58766,34,
586,16,128000,49249,41,
588,16,128000,40050,51,
590,15,136533,22279,91,
592,16,128000,36287,56,
594,24,85333,42646,48,
596,22,93090,55923,36,
598,16,128000,25306,80,
600,15,136533,24027,85,
602,16,128000,29474,69,
604,24,85333,50302,40,
606,16,128000,52125,39,
608,16,128000,42965,47,
610,16,128000,36139,56,
612,16,128000,45919,44,
614,25,81920,48113,42,
616,16,128000,34703,59,
618,16,128000,-865143,-2,
620,16,128000,39372,52,
622,24,85333,33545,61,
624,16,128000,32287,63,
626,17,120470,27180,75,
628,17,120470,29430,69,
630,16,128000,31126,65,
632,24,85333,40599,50,
634,16,128000,21661,94,
636,17,120470,39044,52,
638,17,120470,34261,59,
640,17,120470,45098,45,
642,24,85333,65151,31,
644,17,120470,28096,72,
646,17,120470,26200,78,
648,17,120470,35481,57,
650,16,128000,42945,47,
652,26,78769,70185,29,
654,17,120470,26738,76,
656,17,120470,24858,82,
658,17,120470,22827,89,
660,24,85333,-861848,-2,
662,24,85333,62627,32,
664,17,120470,32942,62,
666,18,113777,22984,89,
668,18,113777,23303,87,
670,26,78769,37887,54,
672,18,113777,45693,44,
674,17,120470,44432,46,
676,18,113777,41690,49,
678,18,113777,40785,50,
680,26,78769,51159,40,
682,17,120470,42914,47,
684,17,120470,50261,40,
686,18,113777,27681,73,
688,18,113777,38213,53,
690,27,75851,51448,39,
692,18,113777,47465,43,
694,27,75851,37636,54,
696,17,120470,45619,44,
698,27,75851,-842626,-2,
700,19,107789,28689,71,
702,18,113777,38396,53,
704,18,113777,35579,57,
706,19,107789,24072,85,
708,27,75851,46576,43,
710,19,107789,25430,80,
712,18,113777,25916,79,
714,19,107789,35844,57,
716,18,113777,35453,57,
718,27,75851,44210,46,
720,27,75851,39043,52,
722,19,107789,28363,72,
724,19,107789,39483,51,
726,19,107789,35664,57,
728,27,75851,58164,35,
730,19,107789,40526,50,
732,19,107789,40021,51,
734,19,107789,28140,72,
736,30,68266,50692,40,
738,19,107789,29779,68,
740,19,107789,-853961,-2,
742,19,107789,37241,54,
744,19,107789,39148,52,
746,27,75851,61220,33,
748,19,107789,42421,48,
750,19,107789,38799,52,
752,99,20686,40311,50,
754,19,107789,42378,48,
756,28,73142,64857,31,
758,20,102400,44497,46,
760,20,102400,29805,68,
762,20,102400,47722,42,
764,20,102400,49166,41,
766,29,70620,69193,29,
768,19,107789,37338,54,
770,19,107789,60338,33,
772,20,102400,35234,58,
774,29,70620,-854554,-2,
776,20,102400,42118,48,
778,21,97523,28725,71,
780,20,102400,37552,54,
782,21,97523,27163,75,
784,30,68266,44611,45,
786,20,102400,27962,73,
788,19,107789,29470,69,
790,20,102400,30036,68,
792,22,93090,51754,39,
794,30,68266,62093,32,
796,21,97523,52555,38,
798,21,97523,37580,54,
800,20,102400,48325,42,
802,22,93090,44277,46,
804,30,68266,60949,33,
806,21,97523,42468,48,
808,20,102400,53649,38,
810,21,97523,26632,76,
812,30,68266,-843714,-2,
814,20,102400,39952,51,
816,21,97523,25724,79,
818,21,97523,39998,51,
820,21,97523,29219,70,
822,30,68266,60007,34,
824,21,97523,35006,58,
826,21,97523,31099,65,
828,21,97523,53501,38,
830,21,97523,50136,40,
832,30,68266,69515,29,
834,22,93090,48244,42,
836,21,97523,42211,48,
838,22,93090,28592,71,
840,21,97523,49139,41,
842,31,66064,74622,27,
844,21,97523,37590,54,
846,32,64000,28986,70,
848,22,93090,29616,69,
850,31,66064,-850304,-2,
852,21,97523,34155,59,
854,21,97523,43959,46,
856,21,97523,51611,39,
858,22,93090,50461,40,
860,32,64000,69595,29,
862,22,93090,53073,38,
864,22,93090,29737,68,
866,21,97523,47618,43,
868,22,93090,45402,45,
870,32,64000,80436,25,
872,22,93090,61801,33,
874,22,93090,36292,56,
876,22,93090,36529,56,
878,22,93090,50114,40,
880,32,64000,49169,41,
882,23,89043,43952,46,
884,23,89043,-854871,-2,
886,23,89043,54598,37,
888,33,62060,67183,30,
890,22,93090,56605,36,
892,22,93090,59422,34,
894,22,93090,35190,58,
896,22,93090,33176,61,
898,34,60235,54922,37,
900,23,89043,51100,40,
902,22,93090,59496,34,
904,23,89043,42983,47,
906,23,89043,56463,36,
908,34,60235,73737,27,
910,23,89043,50911,40,
912,23,89043,44129,46,
914,23,89043,30733,66,
916,33,62060,-826688,-2,
918,23,89043,47064,43,
920,22,93090,50109,40,
922,24,85333,31379,65,
924,23,89043,31860,64,
926,34,60235,71774,28,
928,23,89043,50779,40,
930,23,89043,48722,42,
932,24,85333,55062,37,
934,24,85333,41122,49,
936,35,58514,54624,37,
938,24,85333,39956,51,
940,24,85333,36957,55,
942,23,89043,39116,52,
944,24,85333,42322,48,
946,36,56888,54533,37,
948,23,89043,64695,31,
950,23,89043,-833934,-2,
952,54,37925,59830,34,
954,36,56888,66168,30,
956,24,85333,48287,42,
958,24,85333,38368,53,
960,25,81920,62362,32,
962,24,85333,36509,56,
964,37,55351,49577,41,
966,23,89043,36811,55,
968,24,85333,36333,56,
970,25,81920,52608,38,
972,24,85333,40191,50,
974,36,56888,55188,37,
976,25,81920,37752,54,
978,24,85333,47598,43,
980,25,81920,46583,43,
982,37,55351,53102,38,
984,25,81920,-840620,-2,
986,24,85333,40296,50,
988,24,85333,40563,50,
990,24,85333,68269,29,
992,36,56888,72386,28,
994,25,81920,48668,42,
996,56,36571,38525,53,
998,25,81920,49791,41,
1000,26,78769,69028,29,
1002,37,55351,91739,22,
1004,26,78769,52782,38,
1006,25,81920,52167,39,
1008,26,78769,36901,55,
1010,26,78769,65520,31,
1012,36,56888,78124,26,
1014,25,81920,-852091,-2,
1016,25,81920,34017,60,
1018,26,78769,53119,38,
1020,37,55351,49522,41,
1022,26,78769,40541,50,
1024,26,78769,37403,54,
1026,26,78769,36357,56,
1028,27,75851,35307,58,
1030,38,53894,52868,38,
1032,26,78769,54863,37,
1034,26,78769,61912,33,
1036,26,78769,51264,39,
1038,25,81920,35934,56,
1040,37,55351,81988,24,
1042,25,81920,53648,38,
1044,25,81920,58891,34,
1046,27,75851,58116,35,
1048,40,51200,54739,37,
1050,25,81920,53697,38,
1052,27,75851,37193,55,
1054,27,75851,37520,54,
1056,26,78769,38755,52,
1058,38,53894,78826,25,
1060,25,81920,56514,36,
1062,26,78769,37502,54,
1064,25,81920,38345,53,
1066,26,78769,37640,54,
1068,40,51200,55646,36,
1070,27,75851,50550,40,
1072,27,75851,42634,48,
1074,27,75851,37160,55,
1076,27,75851,57314,35,
1078,39,52512,80932,25,
1080,38,53894,76442,26,
1082,27,75851,45668,44,
1084,28,73142,39134,52,
1086,40,51200,67989,30,
1088,28,73142,43442,47,
1090,27,75851,55883,36,
1092,27,75851,40226,50,
1094,27,75851,52092,39,
1096,40,51200,76335,26,
1098,27,75851,43087,47,
1100,27,75851,68002,30,
1102,41,49951,61549,33,
1104,27,75851,54044,37,
1106,41,49951,64930,31,
1108,41,49951,-825344,-2,
1110,40,51200,76447,26,
1112,27,75851,50720,40,
1114,41,49951,61283,33,
1116,28,73142,44513,46,
1118,143,14321,42554,48,
1120,28,73142,43807,46,
1122,28,73142,71606,28,
1124,41,49951,69623,29,
1126,28,73142,49143,41,
1128,28,73142,70341,29,
1130,28,73142,54575,37,
1132,29,70620,46126,44,
1134,41,49951,62859,32,
1136,41,49951,46229,44,
1138,28,73142,40701,50,
1140,48,42666,-858459,-2,
1142,41,49951,93208,21,
1144,42,48761,57092,35,
1146,28,73142,51555,39,
1148,41,49951,46188,44,
1150,28,73142,45374,45,
1152,42,48761,78385,26,
1154,28,73142,58502,35,
1156,28,73142,60072,34,
1158,29,70620,47494,43,
1160,29,70620,74687,27,
1162,42,48761,88246,23,
1164,28,73142,74042,27,
1166,29,70620,-840424,-2,
1168,28,73142,44602,45,
1170,44,46545,84186,24,
1172,28,73142,62573,32,
1174,29,70620,59109,34,
1176,29,70620,45262,45,
1178,29,70620,41685,49,
1180,64,32000,86528,23,
1182,29,70620,61422,33,
1184,29,70620,85453,23,
1186,29,70620,44980,45,
1188,30,68266,47446,43,
1190,44,46545,85928,23,
1192,29,70620,50169,40,
1194,29,70620,-829599,-2,
1196,29,70620,47201,43,
1198,43,47627,65492,31,
1200,29,70620,64383,31,
1202,30,68266,60662,33,
1204,29,70620,48670,42,
1206,29,70620,69519,29,
1208,44,46545,91705,22,
1210,43,47627,60359,33,
1212,29,70620,64339,31,
1214,31,66064,79292,25,
1216,30,68266,73840,27,
1218,44,46545,59717,34,
1220,30,68266,45675,44,
1222,30,68266,-853393,-2,
1224,43,47627,71000,28,
1226,45,45511,87674,23,
1228,30,68266,40937,50,
1230,30,68266,81109,25,
1232,31,66064,68251,30,
1234,30,68266,48503,42,
1236,45,45511,92506,22,
1238,31,66064,74069,27,
1240,30,68266,66228,30,
1242,31,66064,47683,42,
1244,32,64000,51153,40,
1246,45,45511,103208,19,
1248,31,66064,-836474,-2,
1250,30,68266,63422,32,
1252,31,66064,67976,30,
1254,46,44521,89458,22,
1256,45,45511,53158,38,
1258,30,68266,63639,32,
1260,31,66064,82513,24,
1262,30,68266,70102,29,
1264,46,44521,92408,22,
1266,32,64000,47754,42,
1268,30,68266,58095,35,
1270,31,66064,70389,29,
1272,46,44521,71263,28,
1274,31,66064,66941,30,
1276,31,66064,68605,29,
1278,31,66064,87463,23,
1280,32,64000,72495,28,
1282,47,43574,132820,15,
1284,31,66064,56370,36,
1286,31,66064,65744,31,
1288,31,66064,50717,40,
1290,31,66064,47416,43,
1292,47,43574,100734,20,
1294,31,66064,52918,38,
1296,31,66064,59140,34,
1298,32,64000,-849614,-2,
1300,46,44521,91962,22,
1302,31,66064,59279,34,
1304,50,40960,73380,27,
1306,32,64000,67675,30,
1308,33,62060,72554,28,
1310,47,43574,91036,22,
1312,31,66064,65179,31,
1314,32,64000,73974,27,
1316,32,64000,62618,32,
1318,32,64000,71659,28,
1320,48,42666,103678,19,
1322,32,64000,-855152,-2,
1324,32,64000,49961,40,
1326,32,64000,59232,34,
1328,48,42666,72615,28,
1330,33,62060,82031,24,
1332,32,64000,57605,35,
1334,32,64000,84690,24,
1336,33,62060,84360,24,
1338,48,42666,117456,17,
1340,32,64000,83686,24,
1342,32,64000,84718,24,
1344,32,64000,67411,30,
1346,50,40960,-830468,-2,
1348,34,60235,78159,26,
1350,33,62060,75394,27,
1352,32,64000,74747,27,
1354,33,62060,74831,27,
1356,48,42666,104567,19,
1358,33,62060,84620,24,
1360,33,62060,67248,30,
1362,33,62060,67058,30,
1364,33,62060,70764,28,
1366,48,42666,68712,29,
1368,33,62060,57375,35,
1370,34,60235,-830902,-2,
1372,61,33573,69728,29,
1374,49,41795,83411,24,
1376,33,62060,52733,38,
1378,33,62060,52662,38,
1380,33,62060,86229,23,
1382,33,62060,61519,33,
1384,50,40960,93616,21,
1386,34,60235,52223,39,
1388,34,60235,56738,36,
1390,34,60235,87034,23,
1392,34,60235,93579,21,
1394,34,60235,-841963,-2,
1396,34,60235,73847,27,
1398,34,60235,68647,29,
1400,33,62060,85514,23,
1402,50,40960,123121,16,
1404,34,60235,69155,29,
1406,34,60235,82306,24,
1408,34,60235,76312,26,
1410,34,60235,75194,27,
1412,49,41795,74762,27,
1414,34,60235,55891,36,
1416,34,60235,78756,26,
1418,34,60235,-804882,-2,
1420,52,39384,99591,20,
1422,34,60235,95114,21,
1424,34,60235,53207,38,
1426,35,58514,79969,25,
1428,35,58514,88228,23,
1430,52,39384,110642,18,
1432,35,58514,76805,26,
1434,35,58514,91036,22,
1436,34,60235,70769,28,
1438,51,40156,-764083,-2,
1440,35,58514,84526,24,
1442,35,58514,78604,26,
1444,35,58514,58146,35,
1446,36,56888,69868,29,
1448,52,39384,93410,21,
1450,35,58514,61745,33,
1452,35,58514,91228,22,
1454,35,58514,74550,27,
1456,34,60235,80879,25,
1458,52,39384,87249,23,
1460,36,56888,-825819,-2,
1462,35,58514,55856,36,
1464,35,58514,55938,36,
1466,55,37236,78889,25,
1468,36,56888,78949,25,
1470,35,58514,93117,21,
1472,35,58514,73542,27,
1474,68,30117,50389,40,
1476,52,39384,82477,24,
1478,35,58514,62344,32,
1480,35,58514,95757,21,
1482,35,58514,94606,21,
1484,53,38641,-795632,-2,
1486,36,56888,65810,31,
1488,65,31507,63585,32,
1490,35,58514,56872,36,
1492,36,56888,74758,27,
1494,53,38641,113242,18,
1496,36,56888,100028,20,
1498,35,58514,77753,26,
1500,37,55351,82772,24,
1502,36,56888,87672,23,
1504,53,38641,-787635,-2,
1506,36,56888,52307,39,
1508,36,56888,79120,25,
1510,36,56888,76366,26,
1512,55,37236,83675,24,
1514,36,56888,69398,29,
1516,37,55351,55222,37,
1518,36,56888,71360,28,
1520,36,56888,74582,27,
1522,54,37925,65475,31,
1524,37,55351,81338,25,
1526,37,55351,66990,30,
1528,36,56888,75241,27,
1530,80,25600,-802371,-2,
1532,36,56888,75068,27,
1534,37,55351,74975,27,
1536,37,55351,74734,27,
1538,37,55351,104612,19,
1540,56,36571,134040,15,
1542,37,55351,55658,36,
1544,38,53894,98093,20,
1546,37,55351,72224,28,
1548,37,55351,70696,28,
1550,54,37925,-819790,-2,
1552,37,55351,97561,20,
1554,37,55351,54012,37,
1556,38,53894,75009,27,
1558,56,36571,112779,18,
1560,37,55351,86409,23,
1562,55,37236,73254,27,
1564,38,53894,59276,34,
1566,37,55351,58499,35,
1568,55,37236,89915,22,
1570,37,55351,86256,23,
1572,37,55351,78228,26,
1574,38,53894,73833,27,
1576,56,36571,118647,17,
1578,56,36571,68403,29,
1580,38,53894,75183,27,
1582,38,53894,74470,27,
1584,38,53894,82932,24,
1586,56,36571,133281,15,
1588,37,55351,75473,27,
1590,38,53894,74333,27,
1592,39,52512,89993,22,
1594,56,36571,-783893,-2,
1596,39,52512,89353,22,
1598,38,53894,86349,23,
1600,39,52512,77183,26,
1602,38,53894,85299,24,
1604,57,35929,99447,20,
1606,38,53894,101633,20,
1608,38,53894,61126,33,
1610,38,53894,60446,33,
1612,39,52512,61498,33,
1614,57,35929,-782174,-2,
1616,39,52512,60678,33,
1618,39,52512,94640,21,
1620,39,52512,93710,21,
1622,255,8031,106675,19,
1624,40,51200,104342,19,
1626,39,52512,58746,34,
1628,57,35929,66874,30,
1630,39,52512,78385,26,
1632,57,35929,117226,17,
1634,39,52512,85895,23,
1636,38,53894,-798486,-2,
1638,39,52512,79369,25,
1640,58,35310,86903,23,
1642,39,52512,84482,24,
1644,39,52512,89793,22,
1646,39,52512,84825,24,
1648,40,51200,95071,21,
1650,58,35310,111642,18,
1652,40,51200,103574,19,
1654,40,51200,82156,24,
1656,40,51200,75703,27,
1658,58,35310,86629,23,
1660,39,52512,86000,23,
1662,40,51200,79215,25,
1664,40,51200,94501,21,
1666,40,51200,77999,26,
1668,59,34711,102242,20,
1670,40,51200,104547,19,
1672,40,51200,104264,19,
1674,40,51200,83815,24,
1676,59,34711,-789751,-2,
1678,40,51200,79503,25,
1680,40,51200,82022,24,
1682,69,29681,68839,29,
1684,41,49951,109639,18,
1686,60,34133,138923,14,
1688,40,51200,82871,24,
1690,40,51200,74537,27,
1692,40,51200,66391,30,
1694,60,34133,88491,23,
1696,59,34711,-811489,-2,
1698,40,51200,57701,35,
1700,41,49951,86112,23,
1702,41,49951,60178,34,
1704,60,34133,110084,18,
1706,40,51200,73044,28,
1708,41,49951,62836,32,
1710,60,34133,68971,29,
1712,41,49951,62653,32,
1714,61,33573,106997,19,
1716,41,49951,89769,22,
1718,41,49951,-823627,-2,
1720,41,49951,106867,19,
1722,61,33573,90061,22,
1724,61,33573,94383,21,
1726,41,49951,84929,24,
1728,42,48761,62506,32,
1730,41,49951,72988,28,
1732,62,33032,127700,16,
1734,42,48761,79112,25,
1736,41,49951,104427,19,
1738,41,49951,-804423,-2,
1740,61,33573,86485,23,
1742,42,48761,82980,24,
1744,41,49951,109130,18,
1746,42,48761,73688,27,
1748,129,15875,92041,22,
1750,62,33032,153846,13,
1752,41,49951,75412,27,
1754,100,20480,65413,31,
1756,42,48761,64553,31,
1758,62,33032,-751081,-2,
1760,41,49951,62032,33,
1762,42,48761,73363,27,
1764,42,48761,86160,23,
1766,42,48761,62652,32,
1768,63,32507,102213,20,
1770,42,48761,94162,21,
1772,42,48761,105411,19,
1774,43,47627,85483,23,
1776,42,48761,117854,17,
1778,42,48761,-801044,-2,
1780,42,48761,91292,22,
1782,43,47627,79496,25,
1784,43,47627,99401,20,
1786,64,32000,125337,16,
1788,43,47627,117641,17,
1790,43,47627,63501,32,
1792,43,47627,80991,25,
1794,42,48761,60427,33,
1796,65,31507,89858,22,
1798,43,47627,-796960,-2,
1800,42,48761,116233,17,
1802,42,48761,71038,28,
1804,64,32000,122418,16,
1806,44,46545,88737,23,
1808,43,47627,94446,21,
1810,42,48761,75445,27,
1812,43,47627,74702,27,
1814,64,32000,119230,17,
1816,43,47627,67971,30,
1818,42,48761,-796129,-2,
1820,43,47627,115621,17,
1822,64,32000,169707,12,
1824,44,46545,101538,20,
1826,44,46545,86560,23,
1828,43,47627,117757,17,
1830,44,46545,119613,17,
1832,65,31507,-774108,-2,
1834,44,46545,87880,23,
1836,43,47627,104005,19,
1838,44,46545,93990,21,
1840,65,31507,133357,15,
1842,44,46545,100459,20,
1844,43,47627,73672,27,
1846,45,45511,73236,27,
1848,44,46545,86718,23,
1850,65,31507,134762,15,
1852,44,46545,-839912,-2,
1854,45,45511,104843,19,
1856,45,45511,104403,19,
1858,65,31507,125374,16,
1860,44,46545,66077,30,
1862,44,46545,87279,23,
1864,44,46545,101221,20,
1866,44,46545,65301,31,
1868,67,30567,118935,17,
1870,44,46545,90171,22,
1872,44,46545,87878,23,
1874,44,46545,75635,27,
1876,66,31030,119760,17,
1878,44,46545,89145,22,
1880,45,45511,124385,16,
1882,45,45511,121577,16,
1884,46,44521,65360,31,
1886,66,31030,134205,15,
1888,45,45511,92615,22,
1890,46,44521,-834028,-2,
1892,45,45511,81249,25,
1894,67,30567,145713,14,
1896,44,46545,86466,23,
1898,45,45511,92674,22,
1900,45,45511,88777,23,
1902,45,45511,92500,22,
1904,120,17066,106278,19,
1906,45,45511,66557,30,
1908,45,45511,-801051,-2,
1910,46,44521,66037,31,
1912,67,30567,94237,21,
1914,45,45511,75319,27,
1916,46,44521,122739,16,
1918,45,45511,80481,25,
1920,45,45511,126498,16,
1922,68,30117,113522,18,
1924,45,45511,83800,24,
1926,45,45511,98945,20,
1928,45,45511,-802395,-2,
1930,69,29681,154006,13,
1932,45,45511,126194,16,
1934,46,44521,91361,22,
1936,46,44521,67366,30,
1938,46,44521,106124,19,
1940,68,30117,133320,15,
1942,46,44521,102754,19,
1944,46,44521,-776765,-2,
1946,46,44521,121259,16,
1948,69,29681,122713,16,
1950,46,44521,71003,28,
1952,46,44521,92054,22,
1954,46,44521,112508,18,
1956,45,45511,104696,19,
1958,69,29681,108663,18,
1960,47,43574,97408,21,
1962,46,44521,-778690,-2,
1964,46,44521,69751,29,
1966,69,29681,129617,15,
1968,47,43574,92134,22,
1970,46,44521,96204,21,
1972,46,44521,79965,25,
1974,47,43574,64891,31,
1976,68,30117,142266,14,
1978,46,44521,97740,20,
1980,47,43574,-800230,-2,
1982,46,44521,85468,23,
1984,70,29257,125400,16,
1986,47,43574,129580,15,
1988,47,43574,86380,23,
1990,47,43574,97343,21,
1992,47,43574,100020,20,
1994,104,19692,123810,16,
1996,47,43574,102740,19,
1998,47,43574,-830240,-2,
2000,47,43574,110341,18,
2002,70,29257,113955,17,
2004,48,42666,105950,19,
2006,47,43574,97010,21,
2008,48,42666,122136,16,
2010,47,43574,117004,17,
2012,71,28845,140493,14,
2014,47,43574,-783636,-2,
2016,93,22021,88879,23,
2018,47,43574,103399,19,
2020,71,28845,159674,12,
2022,48,42666,100548,20,
2024,48,42666,111432,18,
2026,48,42666,71315,28,
2028,48,42666,90439,22,
2030,71,28845,116608,17,
2032,49,41795,-804887,-2,
2034,48,42666,110529,18,
2036,47,43574,69312,29,
2038,71,28845,104637,19,
2040,48,42666,92554,22,
2042,48,42666,97526,20,
2044,49,41795,103763,19,
2046,48,42666,104238,19,
2048,71,28845,123149,16,
2,3,682666,400,5120,
4,4,512000,518,3953,
6,4,512000,658,3112,
8,4,512000,766,2673,
10,3,682666,1122,1825,
12,4,512000,1102,1858,
14,3,682666,1047,1956,
16,3,682666,1393,1470,
18,4,512000,1488,1376,
20,4,512000,1860,1101,
22,3,682666,1258,1627,
24,3,682666,1249,1639,
26,5,409600,2037,1005,
28,3,682666,1477,1386,
30,3,682666,1577,1298,
32,3,682666,1704,1201,
34,4,512000,1754,1167,
36,5,409600,2596,788,
38,3,682666,2153,951,
40,3,682666,2424,844,
42,4,512000,2040,1003,
44,4,512000,2115,968,
46,4,512000,3474,589,
48,4,512000,2291,893,